2
26 100
A 120 1 35
B 135 1 40
C 121 1 25
D 127 1 32
E 450 1 32
F 332 2 44 10
G 342 2 43 12
H 434 2 23 32
I 324 2 43 43
J 234 2 54 32
K 634 1 45
L 234 1 45
M 342 1 34
N 423 1 43
O 783 1 42
P 110 2 34 23
Q 321 2 32 32
R 323 2 34 32
S 543 1 54
T 343 1 23
U 435 1 32
V 435 1 43
W 345 2 34 12
X 345 2 43 21
Y 534 2 54 32
Z 345 2 21 13
26 120
A 120 2 10 10
B 120 2 10 10
C 120 2 10 10
D 120 2 10 10
E 120 2 10 10
F 120 2 10 10
G 120 2 10 10
H 120 2 10 10
I 120 2 10 10
J 120 1 20
K 120 2 10
L 120 2 10
M 120 2 10
N 120 2 10
O 120 2 10
P 120 2 10
Q 120 2 10
R 120 2 10
S 120 2 10
T 120 2 10
U 120 2 10
V 120 2 10
W 120 2 10
X 120 2 10
Y 120 2 10
Z 120 2 10